01101
01102
01103
01104
01105
01106
01107
01108
01109
01110
01111
01112
01113
01114
01115
01201
01301
01302
01303
01304
01305
01306
01307
01308
01309
01310
01311
01312
01313
01314
01315
01401
01402
01403
01404
01405
01406
01407
01408
01409
01410
01501
01502
01601
01602
01603
01604
01605
01606
01607
01608
01609
01610
01611
01612
01613
01614
01615
01616
01617
01618
01701
01702
01703
01704
01705
01706
01707
01708
01709
02101
02102
02103
02104
02105
02106
02107
02108
02109
02110
02111
02112
02113
02114
02115
02116
02201
02202
02203
02204
02205
02206
02207
02208
02209
02301
02302
02303
02304
02305
02306
02307
02308
02309
02401
02402
02403
02404
02405
02406
02407
02408
02409
02410
02411
02412
02601
02602
02603
02604
02605
02606
02607
02608
02609
02610
02611
02612
02613
02614
02615
03101
03102
03103
03104
03105
03106
03107
03108
03109
03110
03201
03202
03203
03204
03201
03202
03203
03204
03301
03302
03303
03304
03305
03306
03307
03308
03309
03310
03311
03312
03313
03314
04101
04102
04103
04104
04105
04201
04202
04203
04204
04205
04206
04301
04302
04303
04304
04305
04306
04501
04601
04602
05101
05102
05201
05202
05203
05301
05302
05303
05304
05305
06101
06102
06103
06104
06105
06106
06107
06201
06202
06301
06302
06303
06304
06305
06501
06502
06503
06504
07101
07102
07103
07104
07105
07201
07202
07203
07204
07205
07206
07207
07208
07209
07210
07211
07212
07213
07301
09101
09102
09103
09104
09105
09106
09107
09108
09301
09302
09303
09304
09305
09501
09502
09503
10101
10102
10103
10104
10105
10106
10107
10108
10109
10110
10111
10201
10202
10203
10204
10205
10206
10207
10208
10209
10210
10211
10212
10301
10302
10303
10401
10402
10403
10404
10405
10406
10407
10408
10501
10502
10503
10601
10602
10701
10702
10703
10704
10801
10802
11101
11102
11103
11104
11105
11106
11107
11108
11109
11110
11111
11112
11113
11114
11115
11116
11117
11118
11119
11120
11121
11122
11123
11124
11125
11201
11202
11203
11204
11205
11206
11207
11208
11301
11302
11303
11304
11305
11306
11307
11401
11402
11403
11501
11502
11503
